(kicad_pcb (version 20171130) (host pcbnew "(5.1.8)-1")

  (general
    (thickness 1.6002)
    (drawings 0)
    (tracks 0)
    (zones 0)
    (modules 199)
    (nets 113)
  )

  (page A4)
  (layers
    (0 Front signal)
    (31 Back signal)
    (34 B.Paste user)
    (35 F.Paste user)
    (36 B.SilkS user)
    (37 F.SilkS user hide)
    (38 B.Mask user)
    (39 F.Mask user)
    (40 Dwgs.User user)
    (41 Cmts.User user)
    (44 Edge.Cuts user)
    (45 Margin user)
    (46 B.CrtYd user)
    (47 F.CrtYd user)
    (48 B.Fab user)
    (49 F.Fab user hide)
  )

  (setup
    (last_trace_width 0.127)
    (user_trace_width 0.15)
    (user_trace_width 0.2)
    (user_trace_width 0.4)
    (user_trace_width 0.6)
    (trace_clearance 0.127)
    (zone_clearance 0.508)
    (zone_45_only no)
    (trace_min 0.127)
    (via_size 0.6)
    (via_drill 0.3)
    (via_min_size 0.6)
    (via_min_drill 0.3)
    (user_via 0.6 0.3)
    (user_via 0.9 0.4)
    (uvia_size 0.6858)
    (uvia_drill 0.3302)
    (uvias_allowed no)
    (uvia_min_size 0.2)
    (uvia_min_drill 0.1)
    (edge_width 0.0381)
    (segment_width 0.254)
    (pcb_text_width 0.3048)
    (pcb_text_size 1.524 1.524)
    (mod_edge_width 0.1524)
    (mod_text_size 0.8128 0.8128)
    (mod_text_width 0.1524)
    (pad_size 1.524 1.524)
    (pad_drill 0.762)
    (pad_to_mask_clearance 0)
    (solder_mask_min_width 0.12)
    (aux_axis_origin 0 0)
    (visible_elements 7FFFFFFF)
    (pcbplotparams
      (layerselection 0x010fc_ffffffff)
      (usegerberextensions false)
      (usegerberattributes true)
      (usegerberadvancedattributes true)
      (creategerberjobfile true)
      (excludeedgelayer true)
      (linewidth 0.100000)
      (plotframeref false)
      (viasonmask false)
      (mode 1)
      (useauxorigin false)
      (hpglpennumber 1)
      (hpglpenspeed 20)
      (hpglpendiameter 15.000000)
      (psnegative false)
      (psa4output false)
      (plotreference true)
      (plotvalue true)
      (plotinvisibletext false)
      (padsonsilk false)
      (subtractmaskfromsilk false)
      (outputformat 1)
      (mirror false)
      (drillshape 1)
      (scaleselection 1)
      (outputdirectory ""))
  )

  (net 0 "")
  (net 1 "Net-(C1-Pad1)")
  (net 2 GND)
  (net 3 "Net-(C2-Pad1)")
  (net 4 +3V3)
  (net 5 RST)
  (net 6 +5V)
  (net 7 +5VP)
  (net 8 "Net-(D1-Pad1)")
  (net 9 "Net-(D1-Pad2)")
  (net 10 CANL)
  (net 11 CANH)
  (net 12 OUT_P12)
  (net 13 OUT_V12)
  (net 14 "Net-(D4-Pad1)")
  (net 15 OUT_P13)
  (net 16 "Net-(D5-Pad1)")
  (net 17 OUT_V13)
  (net 18 OUT_P14)
  (net 19 OUT_V14)
  (net 20 "Net-(D8-Pad1)")
  (net 21 OUT_P15)
  (net 22 "Net-(D9-Pad1)")
  (net 23 OUT_V15)
  (net 24 OUT_P10)
  (net 25 "Net-(D12-Pad1)")
  (net 26 OUT_V10)
  (net 27 "Net-(D13-Pad1)")
  (net 28 OUT_P11)
  (net 29 OUT_V11)
  (net 30 OUT_P1)
  (net 31 OUT_P2)
  (net 32 OUT_P3)
  (net 33 OUT_P4)
  (net 34 OUT_P5)
  (net 35 OUT_V1)
  (net 36 "Net-(D21-Pad1)")
  (net 37 "Net-(D22-Pad1)")
  (net 38 "Net-(D23-Pad1)")
  (net 39 "Net-(D26-Pad1)")
  (net 40 OUT_V2)
  (net 41 "Net-(D27-Pad1)")
  (net 42 OUT_V3)
  (net 43 OUT_V4)
  (net 44 "Net-(D31-Pad1)")
  (net 45 OUT_V5)
  (net 46 "Net-(D32-Pad1)")
  (net 47 OUT_P6)
  (net 48 "Net-(D34-Pad1)")
  (net 49 OUT_V6)
  (net 50 OUT_P7)
  (net 51 "Net-(D35-Pad1)")
  (net 52 OUT_V7)
  (net 53 OUT_P8)
  (net 54 OUT_V8)
  (net 55 "Net-(D38-Pad1)")
  (net 56 "Net-(D39-Pad1)")
  (net 57 OUT_P9)
  (net 58 OUT_V9)
  (net 59 SWCLK)
  (net 60 SWDIO)
  (net 61 "Net-(JP1-Pad1)")
  (net 62 P1)
  (net 63 P2)
  (net 64 P3)
  (net 65 P4)
  (net 66 P5)
  (net 67 V1)
  (net 68 V2)
  (net 69 V3)
  (net 70 V4)
  (net 71 V5)
  (net 72 P8)
  (net 73 P7)
  (net 74 P9)
  (net 75 P10)
  (net 76 P6)
  (net 77 V8)
  (net 78 V7)
  (net 79 V9)
  (net 80 V10)
  (net 81 V6)
  (net 82 P15)
  (net 83 P11)
  (net 84 P12)
  (net 85 P13)
  (net 86 P14)
  (net 87 V15)
  (net 88 V11)
  (net 89 V12)
  (net 90 V13)
  (net 91 V14)
  (net 92 TXCAN)
  (net 93 RXCAN)
  (net 94 "Net-(U1-Pad5)")
  (net 95 "Net-(U1-Pad8)")
  (net 96 "Net-(U2-Pad1)")
  (net 97 /BOOT)
  (net 98 "Net-(D16-Pad1)")
  (net 99 "Net-(D17-Pad1)")
  (net 100 "Net-(D20-Pad1)")
  (net 101 "Net-(D42-Pad1)")
  (net 102 "Net-(D43-Pad1)")
  (net 103 "Net-(D46-Pad1)")
  (net 104 "Net-(D47-Pad1)")
  (net 105 "Net-(D50-Pad1)")
  (net 106 "Net-(D51-Pad1)")
  (net 107 "Net-(D54-Pad1)")
  (net 108 "Net-(D55-Pad1)")
  (net 109 "Net-(D58-Pad1)")
  (net 110 "Net-(D59-Pad1)")
  (net 111 "Net-(D62-Pad1)")
  (net 112 "Net-(D63-Pad1)")

  (net_class Default "Ceci est la Netclass par défaut."
    (clearance 0.127)
    (trace_width 0.127)
    (via_dia 0.6)
    (via_drill 0.3)
    (uvia_dia 0.6858)
    (uvia_drill 0.3302)
    (diff_pair_width 0.1524)
    (diff_pair_gap 0.254)
    (add_net +3V3)
    (add_net +5V)
    (add_net +5VP)
    (add_net /BOOT)
    (add_net CANH)
    (add_net CANL)
    (add_net GND)
    (add_net "Net-(C1-Pad1)")
    (add_net "Net-(C2-Pad1)")
    (add_net "Net-(D1-Pad1)")
    (add_net "Net-(D1-Pad2)")
    (add_net "Net-(D12-Pad1)")
    (add_net "Net-(D13-Pad1)")
    (add_net "Net-(D16-Pad1)")
    (add_net "Net-(D17-Pad1)")
    (add_net "Net-(D20-Pad1)")
    (add_net "Net-(D21-Pad1)")
    (add_net "Net-(D22-Pad1)")
    (add_net "Net-(D23-Pad1)")
    (add_net "Net-(D26-Pad1)")
    (add_net "Net-(D27-Pad1)")
    (add_net "Net-(D31-Pad1)")
    (add_net "Net-(D32-Pad1)")
    (add_net "Net-(D34-Pad1)")
    (add_net "Net-(D35-Pad1)")
    (add_net "Net-(D38-Pad1)")
    (add_net "Net-(D39-Pad1)")
    (add_net "Net-(D4-Pad1)")
    (add_net "Net-(D42-Pad1)")
    (add_net "Net-(D43-Pad1)")
    (add_net "Net-(D46-Pad1)")
    (add_net "Net-(D47-Pad1)")
    (add_net "Net-(D5-Pad1)")
    (add_net "Net-(D50-Pad1)")
    (add_net "Net-(D51-Pad1)")
    (add_net "Net-(D54-Pad1)")
    (add_net "Net-(D55-Pad1)")
    (add_net "Net-(D58-Pad1)")
    (add_net "Net-(D59-Pad1)")
    (add_net "Net-(D62-Pad1)")
    (add_net "Net-(D63-Pad1)")
    (add_net "Net-(D8-Pad1)")
    (add_net "Net-(D9-Pad1)")
    (add_net "Net-(JP1-Pad1)")
    (add_net "Net-(U1-Pad5)")
    (add_net "Net-(U1-Pad8)")
    (add_net "Net-(U2-Pad1)")
    (add_net OUT_P1)
    (add_net OUT_P10)
    (add_net OUT_P11)
    (add_net OUT_P12)
    (add_net OUT_P13)
    (add_net OUT_P14)
    (add_net OUT_P15)
    (add_net OUT_P2)
    (add_net OUT_P3)
    (add_net OUT_P4)
    (add_net OUT_P5)
    (add_net OUT_P6)
    (add_net OUT_P7)
    (add_net OUT_P8)
    (add_net OUT_P9)
    (add_net OUT_V1)
    (add_net OUT_V10)
    (add_net OUT_V11)
    (add_net OUT_V12)
    (add_net OUT_V13)
    (add_net OUT_V14)
    (add_net OUT_V15)
    (add_net OUT_V2)
    (add_net OUT_V3)
    (add_net OUT_V4)
    (add_net OUT_V5)
    (add_net OUT_V6)
    (add_net OUT_V7)
    (add_net OUT_V8)
    (add_net OUT_V9)
    (add_net P1)
    (add_net P10)
    (add_net P11)
    (add_net P12)
    (add_net P13)
    (add_net P14)
    (add_net P15)
    (add_net P2)
    (add_net P3)
    (add_net P4)
    (add_net P5)
    (add_net P6)
    (add_net P7)
    (add_net P8)
    (add_net P9)
    (add_net RST)
    (add_net RXCAN)
    (add_net SWCLK)
    (add_net SWDIO)
    (add_net TXCAN)
    (add_net V1)
    (add_net V10)
    (add_net V11)
    (add_net V12)
    (add_net V13)
    (add_net V14)
    (add_net V15)
    (add_net V2)
    (add_net V3)
    (add_net V4)
    (add_net V5)
    (add_net V6)
    (add_net V7)
    (add_net V8)
    (add_net V9)
  )

  (module Capacitor_SMD:C_0805_2012Metric_Pad1.18x1.45mm_HandSolder (layer Front) (tedit 5F68FEEF) (tstamp 617FB1E5)
    (at 107.225001 59.555001)
    (descr "Capacitor SMD 0805 (2012 Metric), square (rectangular) end terminal, IPC_7351 nominal with elongated pad for handsoldering. (Body size source: IPC-SM-782 page 76, https://www.pcb-3d.com/wordpress/wp-content/uploads/ipc-sm-782a_amendment_1_and_2.pdf, https://docs.google.com/spreadsheets/d/1BsfQQcO9C6DZCsRaXUlFlo91Tg2WpOkGARC1WS5S8t0/edit?usp=sharing), generated with kicad-footprint-generator")
    (tags "capacitor handsolder")
    (path /5FB45D85)
    (attr smd)
    (fp_text reference C1 (at 0 -1.68) (layer F.SilkS)
      (effects (font (size 0.8128 0.8128) (thickness 0.1524)))
    )
    (fp_text value 18pF (at 0 1.68) (layer F.Fab)
      (effects (font (size 1 1) (thickness 0.15)))
    )
    (fp_line (start -1 0.625) (end -1 -0.625) (layer F.Fab) (width 0.1))
    (fp_line (start -1 -0.625) (end 1 -0.625) (layer F.Fab) (width 0.1))
    (fp_line (start 1 -0.625) (end 1 0.625) (layer F.Fab) (width 0.1))
    (fp_line (start 1 0.625) (end -1 0.625) (layer F.Fab) (width 0.1))
    (fp_line (start -0.261252 -0.735) (end 0.261252 -0.735) (layer F.SilkS) (width 0.12))
    (fp_line (start -0.261252 0.735) (end 0.261252 0.735) (layer F.SilkS) (width 0.12))
    (fp_line (start -1.88 0.98) (end -1.88 -0.98) (layer F.CrtYd) (width 0.05))
    (fp_line (start -1.88 -0.98) (end 1.88 -0.98) (layer F.CrtYd) (width 0.05))
    (fp_line (start 1.88 -0.98) (end 1.88 0.98) (layer F.CrtYd) (width 0.05))
    (fp_line (start 1.88 0.98) (end -1.88 0.98) (layer F.CrtYd) (width 0.05))
    (fp_text user %R (at 0 0) (layer F.Fab)
      (effects (font (size 1.016 1.016) (thickness 0.1524)))
    )
    (pad 2 smd roundrect (at 1.0375 0) (size 1.175 1.45) (layers Front F.Paste F.Mask) (roundrect_rratio 0.212766)
      (net 2 GND))
    (pad 1 smd roundrect (at -1.0375 0) (size 1.175 1.45) (layers Front F.Paste F.Mask) (roundrect_rratio 0.212766)
      (net 1 "Net-(C1-Pad1)"))
    (model ${KISYS3DMOD}/Capacitor_SMD.3dshapes/C_0805_2012Metric.wrl
      (at (xyz 0 0 0))
      (scale (xyz 1 1 1))
      (rotate (xyz 0 0 0))
    )
  )

  (module Capacitor_SMD:C_0805_2012Metric_Pad1.18x1.45mm_HandSolder (layer Front) (tedit 5F68FEEF) (tstamp 617FB1F6)
    (at 115.535001 48.205001)
    (descr "Capacitor SMD 0805 (2012 Metric), square (rectangular) end terminal, IPC_7351 nominal with elongated pad for handsoldering. (Body size source: IPC-SM-782 page 76, https://www.pcb-3d.com/wordpress/wp-content/uploads/ipc-sm-782a_amendment_1_and_2.pdf, https://docs.google.com/spreadsheets/d/1BsfQQcO9C6DZCsRaXUlFlo91Tg2WpOkGARC1WS5S8t0/edit?usp=sharing), generated with kicad-footprint-generator")
    (tags "capacitor handsolder")
    (path /5FB46B07)
    (attr smd)
    (fp_text reference C2 (at 0 -1.68) (layer F.SilkS)
      (effects (font (size 0.8128 0.8128) (thickness 0.1524)))
    )
    (fp_text value 18pF (at 0 1.68) (layer F.Fab)
      (effects (font (size 1 1) (thickness 0.15)))
    )
    (fp_line (start 1.88 0.98) (end -1.88 0.98) (layer F.CrtYd) (width 0.05))
    (fp_line (start 1.88 -0.98) (end 1.88 0.98) (layer F.CrtYd) (width 0.05))
    (fp_line (start -1.88 -0.98) (end 1.88 -0.98) (layer F.CrtYd) (width 0.05))
    (fp_line (start -1.88 0.98) (end -1.88 -0.98) (layer F.CrtYd) (width 0.05))
    (fp_line (start -0.261252 0.735) (end 0.261252 0.735) (layer F.SilkS) (width 0.12))
    (fp_line (start -0.261252 -0.735) (end 0.261252 -0.735) (layer F.SilkS) (width 0.12))
    (fp_line (start 1 0.625) (end -1 0.625) (layer F.Fab) (width 0.1))
    (fp_line (start 1 -0.625) (end 1 0.625) (layer F.Fab) (width 0.1))
    (fp_line (start -1 -0.625) (end 1 -0.625) (layer F.Fab) (width 0.1))
    (fp_line (start -1 0.625) (end -1 -0.625) (layer F.Fab) (width 0.1))
    (fp_text user %R (at 0 0) (layer F.Fab)
      (effects (font (size 1.016 1.016) (thickness 0.1524)))
    )
    (pad 1 smd roundrect (at -1.0375 0) (size 1.175 1.45) (layers Front F.Paste F.Mask) (roundrect_rratio 0.212766)
      (net 3 "Net-(C2-Pad1)"))
    (pad 2 smd roundrect (at 1.0375 0) (size 1.175 1.45) (layers Front F.Paste F.Mask) (roundrect_rratio 0.212766)
      (net 2 GND))
    (model ${KISYS3DMOD}/Capacitor_SMD.3dshapes/C_0805_2012Metric.wrl
      (at (xyz 0 0 0))
      (scale (xyz 1 1 1))
      (rotate (xyz 0 0 0))
    )
  )

  (module Capacitor_SMD:C_0805_2012Metric_Pad1.18x1.45mm_HandSolder (layer Front) (tedit 5F68FEEF) (tstamp 617FB207)
    (at 108.885001 53.055001)
    (descr "Capacitor SMD 0805 (2012 Metric), square (rectangular) end terminal, IPC_7351 nominal with elongated pad for handsoldering. (Body size source: IPC-SM-782 page 76, https://www.pcb-3d.com/wordpress/wp-content/uploads/ipc-sm-782a_amendment_1_and_2.pdf, https://docs.google.com/spreadsheets/d/1BsfQQcO9C6DZCsRaXUlFlo91Tg2WpOkGARC1WS5S8t0/edit?usp=sharing), generated with kicad-footprint-generator")
    (tags "capacitor handsolder")
    (path /5FB68B9E)
    (attr smd)
    (fp_text reference C3 (at 0 -1.68) (layer F.SilkS)
      (effects (font (size 0.8128 0.8128) (thickness 0.1524)))
    )
    (fp_text value 100nF (at 0 1.68) (layer F.Fab)
      (effects (font (size 1 1) (thickness 0.15)))
    )
    (fp_line (start -1 0.625) (end -1 -0.625) (layer F.Fab) (width 0.1))
    (fp_line (start -1 -0.625) (end 1 -0.625) (layer F.Fab) (width 0.1))
    (fp_line (start 1 -0.625) (end 1 0.625) (layer F.Fab) (width 0.1))
    (fp_line (start 1 0.625) (end -1 0.625) (layer F.Fab) (width 0.1))
    (fp_line (start -0.261252 -0.735) (end 0.261252 -0.735) (layer F.SilkS) (width 0.12))
    (fp_line (start -0.261252 0.735) (end 0.261252 0.735) (layer F.SilkS) (width 0.12))
    (fp_line (start -1.88 0.98) (end -1.88 -0.98) (layer F.CrtYd) (width 0.05))
    (fp_line (start -1.88 -0.98) (end 1.88 -0.98) (layer F.CrtYd) (width 0.05))
    (fp_line (start 1.88 -0.98) (end 1.88 0.98) (layer F.CrtYd) (width 0.05))
    (fp_line (start 1.88 0.98) (end -1.88 0.98) (layer F.CrtYd) (width 0.05))
    (fp_text user %R (at 0 0) (layer F.Fab)
      (effects (font (size 1.016 1.016) (thickness 0.1524)))
    )
    (pad 2 smd roundrect (at 1.0375 0) (size 1.175 1.45) (layers Front F.Paste F.Mask) (roundrect_rratio 0.212766)
      (net 4 +3V3))
    (pad 1 smd roundrect (at -1.0375 0) (size 1.175 1.45) (layers Front F.Paste F.Mask) (roundrect_rratio 0.212766)
      (net 2 GND))
    (model ${KISYS3DMOD}/Capacitor_SMD.3dshapes/C_0805_2012Metric.wrl
      (at (xyz 0 0 0))
      (scale (xyz 1 1 1))
      (rotate (xyz 0 0 0))
    )
  )

  (module Capacitor_SMD:C_0805_2012Metric_Pad1.18x1.45mm_HandSolder (layer Front) (tedit 5F68FEEF) (tstamp 617FB218)
    (at 97.765001 66.755001)
    (descr "Capacitor SMD 0805 (2012 Metric), square (rectangular) end terminal, IPC_7351 nominal with elongated pad for handsoldering. (Body size source: IPC-SM-782 page 76, https://www.pcb-3d.com/wordpress/wp-content/uploads/ipc-sm-782a_amendment_1_and_2.pdf, https://docs.google.com/spreadsheets/d/1BsfQQcO9C6DZCsRaXUlFlo91Tg2WpOkGARC1WS5S8t0/edit?usp=sharing), generated with kicad-footprint-generator")
    (tags "capacitor handsolder")
    (path /5FB4A43A)
    (attr smd)
    (fp_text reference C4 (at 0 -1.68) (layer F.SilkS)
      (effects (font (size 0.8128 0.8128) (thickness 0.1524)))
    )
    (fp_text value 10µF (at 0 1.68) (layer F.Fab)
      (effects (font (size 1 1) (thickness 0.15)))
    )
    (fp_line (start 1.88 0.98) (end -1.88 0.98) (layer F.CrtYd) (width 0.05))
    (fp_line (start 1.88 -0.98) (end 1.88 0.98) (layer F.CrtYd) (width 0.05))
    (fp_line (start -1.88 -0.98) (end 1.88 -0.98) (layer F.CrtYd) (width 0.05))
    (fp_line (start -1.88 0.98) (end -1.88 -0.98) (layer F.CrtYd) (width 0.05))
    (fp_line (start -0.261252 0.735) (end 0.261252 0.735) (layer F.SilkS) (width 0.12))
    (fp_line (start -0.261252 -0.735) (end 0.261252 -0.735) (layer F.SilkS) (width 0.12))
    (fp_line (start 1 0.625) (end -1 0.625) (layer F.Fab) (width 0.1))
    (fp_line (start 1 -0.625) (end 1 0.625) (layer F.Fab) (width 0.1))
    (fp_line (start -1 -0.625) (end 1 -0.625) (layer F.Fab) (width 0.1))
    (fp_line (start -1 0.625) (end -1 -0.625) (layer F.Fab) (width 0.1))
    (fp_text user %R (at 0 0) (layer F.Fab)
      (effects (font (size 1.016 1.016) (thickness 0.1524)))
    )
    (pad 1 smd roundrect (at -1.0375 0) (size 1.175 1.45) (layers Front F.Paste F.Mask) (roundrect_rratio 0.212766)
      (net 2 GND))
    (pad 2 smd roundrect (at 1.0375 0) (size 1.175 1.45) (layers Front F.Paste F.Mask) (roundrect_rratio 0.212766)
      (net 4 +3V3))
    (model ${KISYS3DMOD}/Capacitor_SMD.3dshapes/C_0805_2012Metric.wrl
      (at (xyz 0 0 0))
      (scale (xyz 1 1 1))
      (rotate (xyz 0 0 0))
    )
  )

  (module Capacitor_SMD:C_0805_2012Metric_Pad1.18x1.45mm_HandSolder (layer Front) (tedit 5F68FEEF) (tstamp 617FB229)
    (at 92.485001 58.055001)
    (descr "Capacitor SMD 0805 (2012 Metric), square (rectangular) end terminal, IPC_7351 nominal with elongated pad for handsoldering. (Body size source: IPC-SM-782 page 76, https://www.pcb-3d.com/wordpress/wp-content/uploads/ipc-sm-782a_amendment_1_and_2.pdf, https://docs.google.com/spreadsheets/d/1BsfQQcO9C6DZCsRaXUlFlo91Tg2WpOkGARC1WS5S8t0/edit?usp=sharing), generated with kicad-footprint-generator")
    (tags "capacitor handsolder")
    (path /5FB4AE9E)
    (attr smd)
    (fp_text reference C5 (at 0 -1.68) (layer F.SilkS)
      (effects (font (size 0.8128 0.8128) (thickness 0.1524)))
    )
    (fp_text value 100nF (at 0 1.68) (layer F.Fab)
      (effects (font (size 1 1) (thickness 0.15)))
    )
    (fp_line (start 1.88 0.98) (end -1.88 0.98) (layer F.CrtYd) (width 0.05))
    (fp_line (start 1.88 -0.98) (end 1.88 0.98) (layer F.CrtYd) (width 0.05))
    (fp_line (start -1.88 -0.98) (end 1.88 -0.98) (layer F.CrtYd) (width 0.05))
    (fp_line (start -1.88 0.98) (end -1.88 -0.98) (layer F.CrtYd) (width 0.05))
    (fp_line (start -0.261252 0.735) (end 0.261252 0.735) (layer F.SilkS) (width 0.12))
    (fp_line (start -0.261252 -0.735) (end 0.261252 -0.735) (layer F.SilkS) (width 0.12))
    (fp_line (start 1 0.625) (end -1 0.625) (layer F.Fab) (width 0.1))
    (fp_line (start 1 -0.625) (end 1 0.625) (layer F.Fab) (width 0.1))
    (fp_line (start -1 -0.625) (end 1 -0.625) (layer F.Fab) (width 0.1))
    (fp_line (start -1 0.625) (end -1 -0.625) (layer F.Fab) (width 0.1))
    (fp_text user %R (at 0 0) (layer F.Fab)
      (effects (font (size 1.016 1.016) (thickness 0.1524)))
    )
    (pad 1 smd roundrect (at -1.0375 0) (size 1.175 1.45) (layers Front F.Paste F.Mask) (roundrect_rratio 0.212766)
      (net 2 GND))
    (pad 2 smd roundrect (at 1.0375 0) (size 1.175 1.45) (layers Front F.Paste F.Mask) (roundrect_rratio 0.212766)
      (net 4 +3V3))
    (model ${KISYS3DMOD}/Capacitor_SMD.3dshapes/C_0805_2012Metric.wrl
      (at (xyz 0 0 0))
      (scale (xyz 1 1 1))
      (rotate (xyz 0 0 0))
    )
  )

  (module Capacitor_SMD:C_0805_2012Metric_Pad1.18x1.45mm_HandSolder (layer Front) (tedit 5F68FEEF) (tstamp 617FB23A)
    (at 82.375001 49.255001)
    (descr "Capacitor SMD 0805 (2012 Metric), square (rectangular) end terminal, IPC_7351 nominal with elongated pad for handsoldering. (Body size source: IPC-SM-782 page 76, https://www.pcb-3d.com/wordpress/wp-content/uploads/ipc-sm-782a_amendment_1_and_2.pdf, https://docs.google.com/spreadsheets/d/1BsfQQcO9C6DZCsRaXUlFlo91Tg2WpOkGARC1WS5S8t0/edit?usp=sharing), generated with kicad-footprint-generator")
    (tags "capacitor handsolder")
    (path /61D0C70F)
    (attr smd)
    (fp_text reference C6 (at 0 -1.68) (layer F.SilkS)
      (effects (font (size 0.8128 0.8128) (thickness 0.1524)))
    )
    (fp_text value 1u (at 0 1.68) (layer F.Fab)
      (effects (font (size 1 1) (thickness 0.15)))
    )
    (fp_line (start -1 0.625) (end -1 -0.625) (layer F.Fab) (width 0.1))
    (fp_line (start -1 -0.625) (end 1 -0.625) (layer F.Fab) (width 0.1))
    (fp_line (start 1 -0.625) (end 1 0.625) (layer F.Fab) (width 0.1))
    (fp_line (start 1 0.625) (end -1 0.625) (layer F.Fab) (width 0.1))
    (fp_line (start -0.261252 -0.735) (end 0.261252 -0.735) (layer F.SilkS) (width 0.12))
    (fp_line (start -0.261252 0.735) (end 0.261252 0.735) (layer F.SilkS) (width 0.12))
    (fp_line (start -1.88 0.98) (end -1.88 -0.98) (layer F.CrtYd) (width 0.05))
    (fp_line (start -1.88 -0.98) (end 1.88 -0.98) (layer F.CrtYd) (width 0.05))
    (fp_line (start 1.88 -0.98) (end 1.88 0.98) (layer F.CrtYd) (width 0.05))
    (fp_line (start 1.88 0.98) (end -1.88 0.98) (layer F.CrtYd) (width 0.05))
    (fp_text user %R (at 0 0) (layer F.Fab)
      (effects (font (size 1.016 1.016) (thickness 0.1524)))
    )
    (pad 2 smd roundrect (at 1.0375 0) (size 1.175 1.45) (layers Front F.Paste F.Mask) (roundrect_rratio 0.212766)
      (net 2 GND))
    (pad 1 smd roundrect (at -1.0375 0) (size 1.175 1.45) (layers Front F.Paste F.Mask) (roundrect_rratio 0.212766)
      (net 5 RST))
    (model ${KISYS3DMOD}/Capacitor_SMD.3dshapes/C_0805_2012Metric.wrl
      (at (xyz 0 0 0))
      (scale (xyz 1 1 1))
      (rotate (xyz 0 0 0))
    )
  )

  (module Capacitor_SMD:C_0805_2012Metric_Pad1.18x1.45mm_HandSolder (layer Front) (tedit 5F68FEEF) (tstamp 617FB24B)
    (at 87.185001 49.255001)
    (descr "Capacitor SMD 0805 (2012 Metric), square (rectangular) end terminal, IPC_7351 nominal with elongated pad for handsoldering. (Body size source: IPC-SM-782 page 76, https://www.pcb-3d.com/wordpress/wp-content/uploads/ipc-sm-782a_amendment_1_and_2.pdf, https://docs.google.com/spreadsheets/d/1BsfQQcO9C6DZCsRaXUlFlo91Tg2WpOkGARC1WS5S8t0/edit?usp=sharing), generated with kicad-footprint-generator")
    (tags "capacitor handsolder")
    (path /5FB4B92A)
    (attr smd)
    (fp_text reference C7 (at 0 -1.68) (layer F.SilkS)
      (effects (font (size 0.8128 0.8128) (thickness 0.1524)))
    )
    (fp_text value 100nF (at 0 1.68) (layer F.Fab)
      (effects (font (size 1 1) (thickness 0.15)))
    )
    (fp_line (start -1 0.625) (end -1 -0.625) (layer F.Fab) (width 0.1))
    (fp_line (start -1 -0.625) (end 1 -0.625) (layer F.Fab) (width 0.1))
    (fp_line (start 1 -0.625) (end 1 0.625) (layer F.Fab) (width 0.1))
    (fp_line (start 1 0.625) (end -1 0.625) (layer F.Fab) (width 0.1))
    (fp_line (start -0.261252 -0.735) (end 0.261252 -0.735) (layer F.SilkS) (width 0.12))
    (fp_line (start -0.261252 0.735) (end 0.261252 0.735) (layer F.SilkS) (width 0.12))
    (fp_line (start -1.88 0.98) (end -1.88 -0.98) (layer F.CrtYd) (width 0.05))
    (fp_line (start -1.88 -0.98) (end 1.88 -0.98) (layer F.CrtYd) (width 0.05))
    (fp_line (start 1.88 -0.98) (end 1.88 0.98) (layer F.CrtYd) (width 0.05))
    (fp_line (start 1.88 0.98) (end -1.88 0.98) (layer F.CrtYd) (width 0.05))
    (fp_text user %R (at 0 0) (layer F.Fab)
      (effects (font (size 1.016 1.016) (thickness 0.1524)))
    )
    (pad 2 smd roundrect (at 1.0375 0) (size 1.175 1.45) (layers Front F.Paste F.Mask) (roundrect_rratio 0.212766)
      (net 4 +3V3))
    (pad 1 smd roundrect (at -1.0375 0) (size 1.175 1.45) (layers Front F.Paste F.Mask) (roundrect_rratio 0.212766)
      (net 2 GND))
    (model ${KISYS3DMOD}/Capacitor_SMD.3dshapes/C_0805_2012Metric.wrl
      (at (xyz 0 0 0))
      (scale (xyz 1 1 1))
      (rotate (xyz 0 0 0))
    )
  )

  (module Capacitor_SMD:C_0805_2012Metric_Pad1.18x1.45mm_HandSolder (layer Front) (tedit 5F68FEEF) (tstamp 617FB25C)
    (at 102.415001 59.555001)
    (descr "Capacitor SMD 0805 (2012 Metric), square (rectangular) end terminal, IPC_7351 nominal with elongated pad for handsoldering. (Body size source: IPC-SM-782 page 76, https://www.pcb-3d.com/wordpress/wp-content/uploads/ipc-sm-782a_amendment_1_and_2.pdf, https://docs.google.com/spreadsheets/d/1BsfQQcO9C6DZCsRaXUlFlo91Tg2WpOkGARC1WS5S8t0/edit?usp=sharing), generated with kicad-footprint-generator")
    (tags "capacitor handsolder")
    (path /5FB8888A)
    (attr smd)
    (fp_text reference C8 (at 0 -1.68) (layer F.SilkS)
      (effects (font (size 0.8128 0.8128) (thickness 0.1524)))
    )
    (fp_text value 10u (at 0 1.68) (layer F.Fab)
      (effects (font (size 1 1) (thickness 0.15)))
    )
    (fp_line (start -1 0.625) (end -1 -0.625) (layer F.Fab) (width 0.1))
    (fp_line (start -1 -0.625) (end 1 -0.625) (layer F.Fab) (width 0.1))
    (fp_line (start 1 -0.625) (end 1 0.625) (layer F.Fab) (width 0.1))
    (fp_line (start 1 0.625) (end -1 0.625) (layer F.Fab) (width 0.1))
    (fp_line (start -0.261252 -0.735) (end 0.261252 -0.735) (layer F.SilkS) (width 0.12))
    (fp_line (start -0.261252 0.735) (end 0.261252 0.735) (layer F.SilkS) (width 0.12))
    (fp_line (start -1.88 0.98) (end -1.88 -0.98) (layer F.CrtYd) (width 0.05))
    (fp_line (start -1.88 -0.98) (end 1.88 -0.98) (layer F.CrtYd) (width 0.05))
    (fp_line (start 1.88 -0.98) (end 1.88 0.98) (layer F.CrtYd) (width 0.05))
    (fp_line (start 1.88 0.98) (end -1.88 0.98) (layer F.CrtYd) (width 0.05))
    (fp_text user %R (at 0 0) (layer F.Fab)
      (effects (font (size 1.016 1.016) (thickness 0.1524)))
    )
    (pad 2 smd roundrect (at 1.0375 0) (size 1.175 1.45) (layers Front F.Paste F.Mask) (roundrect_rratio 0.212766)
      (net 6 +5V))
    (pad 1 smd roundrect (at -1.0375 0) (size 1.175 1.45) (layers Front F.Paste F.Mask) (roundrect_rratio 0.212766)
      (net 2 GND))
    (model ${KISYS3DMOD}/Capacitor_SMD.3dshapes/C_0805_2012Metric.wrl
      (at (xyz 0 0 0))
      (scale (xyz 1 1 1))
      (rotate (xyz 0 0 0))
    )
  )

  (module Capacitor_SMD:C_0805_2012Metric_Pad1.18x1.45mm_HandSolder (layer Front) (tedit 5F68FEEF) (tstamp 617FB26D)
    (at 108.885001 56.065001)
    (descr "Capacitor SMD 0805 (2012 Metric), square (rectangular) end terminal, IPC_7351 nominal with elongated pad for handsoldering. (Body size source: IPC-SM-782 page 76, https://www.pcb-3d.com/wordpress/wp-content/uploads/ipc-sm-782a_amendment_1_and_2.pdf, https://docs.google.com/spreadsheets/d/1BsfQQcO9C6DZCsRaXUlFlo91Tg2WpOkGARC1WS5S8t0/edit?usp=sharing), generated with kicad-footprint-generator")
    (tags "capacitor handsolder")
    (path /5FB87EA2)
    (attr smd)
    (fp_text reference C9 (at 0 -1.68) (layer F.SilkS)
      (effects (font (size 0.8128 0.8128) (thickness 0.1524)))
    )
    (fp_text value 10u (at 0 1.68) (layer F.Fab)
      (effects (font (size 1 1) (thickness 0.15)))
    )
    (fp_line (start 1.88 0.98) (end -1.88 0.98) (layer F.CrtYd) (width 0.05))
    (fp_line (start 1.88 -0.98) (end 1.88 0.98) (layer F.CrtYd) (width 0.05))
    (fp_line (start -1.88 -0.98) (end 1.88 -0.98) (layer F.CrtYd) (width 0.05))
    (fp_line (start -1.88 0.98) (end -1.88 -0.98) (layer F.CrtYd) (width 0.05))
    (fp_line (start -0.261252 0.735) (end 0.261252 0.735) (layer F.SilkS) (width 0.12))
    (fp_line (start -0.261252 -0.735) (end 0.261252 -0.735) (layer F.SilkS) (width 0.12))
    (fp_line (start 1 0.625) (end -1 0.625) (layer F.Fab) (width 0.1))
    (fp_line (start 1 -0.625) (end 1 0.625) (layer F.Fab) (width 0.1))
    (fp_line (start -1 -0.625) (end 1 -0.625) (layer F.Fab) (width 0.1))
    (fp_line (start -1 0.625) (end -1 -0.625) (layer F.Fab) (width 0.1))
    (fp_text user %R (at 0 0) (layer F.Fab)
      (effects (font (size 1.016 1.016) (thickness 0.1524)))
    )
    (pad 1 smd roundrect (at -1.0375 0) (size 1.175 1.45) (layers Front F.Paste F.Mask) (roundrect_rratio 0.212766)
      (net 2 GND))
    (pad 2 smd roundrect (at 1.0375 0) (size 1.175 1.45) (layers Front F.Paste F.Mask) (roundrect_rratio 0.212766)
      (net 4 +3V3))
    (model ${KISYS3DMOD}/Capacitor_SMD.3dshapes/C_0805_2012Metric.wrl
      (at (xyz 0 0 0))
      (scale (xyz 1 1 1))
      (rotate (xyz 0 0 0))
    )
  )

  (module Capacitor_THT:CP_Radial_D10.0mm_P5.00mm (layer Front) (tedit 5AE50EF1) (tstamp 617FB339)
    (at 69.289647 64.325001)
    (descr "CP, Radial series, Radial, pin pitch=5.00mm, , diameter=10mm, Electrolytic Capacitor")
    (tags "CP Radial series Radial pin pitch 5.00mm  diameter 10mm Electrolytic Capacitor")
    (path /5FBC0C7C)
    (fp_text reference C10 (at 2.5 -6.25) (layer F.SilkS)
      (effects (font (size 0.8128 0.8128) (thickness 0.1524)))
    )
    (fp_text value 470µF/50V (at 2.5 6.25) (layer F.Fab)
      (effects (font (size 1 1) (thickness 0.15)))
    )
    (fp_line (start -2.479646 -3.375) (end -2.479646 -2.375) (layer F.SilkS) (width 0.12))
    (fp_line (start -2.979646 -2.875) (end -1.979646 -2.875) (layer F.SilkS) (width 0.12))
    (fp_line (start 7.581 -0.599) (end 7.581 0.599) (layer F.SilkS) (width 0.12))
    (fp_line (start 7.541 -0.862) (end 7.541 0.862) (layer F.SilkS) (width 0.12))
    (fp_line (start 7.501 -1.062) (end 7.501 1.062) (layer F.SilkS) (width 0.12))
    (fp_line (start 7.461 -1.23) (end 7.461 1.23) (layer F.SilkS) (width 0.12))
    (fp_line (start 7.421 -1.378) (end 7.421 1.378) (layer F.SilkS) (width 0.12))
    (fp_line (start 7.381 -1.51) (end 7.381 1.51) (layer F.SilkS) (width 0.12))
    (fp_line (start 7.341 -1.63) (end 7.341 1.63) (layer F.SilkS) (width 0.12))
    (fp_line (start 7.301 -1.742) (end 7.301 1.742) (layer F.SilkS) (width 0.12))
    (fp_line (start 7.261 -1.846) (end 7.261 1.846) (layer F.SilkS) (width 0.12))
    (fp_line (start 7.221 -1.944) (end 7.221 1.944) (layer F.SilkS) (width 0.12))
    (fp_line (start 7.181 -2.037) (end 7.181 2.037) (layer F.SilkS) (width 0.12))
    (fp_line (start 7.141 -2.125) (end 7.141 2.125) (layer F.SilkS) (width 0.12))
    (fp_line (start 7.101 -2.209) (end 7.101 2.209) (layer F.SilkS) (width 0.12))
    (fp_line (start 7.061 -2.289) (end 7.061 2.289) (layer F.SilkS) (width 0.12))
    (fp_line (start 7.021 -2.365) (end 7.021 2.365) (layer F.SilkS) (width 0.12))
    (fp_line (start 6.981 -2.439) (end 6.981 2.439) (layer F.SilkS) (width 0.12))
    (fp_line (start 6.941 -2.51) (end 6.941 2.51) (layer F.SilkS) (width 0.12))
    (fp_line (start 6.901 -2.579) (end 6.901 2.579) (layer F.SilkS) (width 0.12))
    (fp_line (start 6.861 -2.645) (end 6.861 2.645) (layer F.SilkS) (width 0.12))
    (fp_line (start 6.821 -2.709) (end 6.821 2.709) (layer F.SilkS) (width 0.12))
    (fp_line (start 6.781 -2.77) (end 6.781 2.77) (layer F.SilkS) (width 0.12))
    (fp_line (start 6.741 -2.83) (end 6.741 2.83) (layer F.SilkS) (width 0.12))
    (fp_line (start 6.701 -2.889) (end 6.701 2.889) (layer F.SilkS) (width 0.12))
    (fp_line (start 6.661 -2.945) (end 6.661 2.945) (layer F.SilkS) (width 0.12))
    (fp_line (start 6.621 -3) (end 6.621 3) (layer F.SilkS) (width 0.12))
    (fp_line (start 6.581 -3.054) (end 6.581 3.054) (layer F.SilkS) (width 0.12))
    (fp_line (start 6.541 -3.106) (end 6.541 3.106) (layer F.SilkS) (width 0.12))
    (fp_line (start 6.501 -3.156) (end 6.501 3.156) (layer F.SilkS) (width 0.12))
    (fp_line (start 6.461 -3.206) (end 6.461 3.206) (layer F.SilkS) (width 0.12))
    (fp_line (start 6.421 -3.254) (end 6.421 3.254) (layer F.SilkS) (width 0.12))
    (fp_line (start 6.381 -3.301) (end 6.381 3.301) (layer F.SilkS) (width 0.12))
    (fp_line (start 6.341 -3.347) (end 6.341 3.347) (layer F.SilkS) (width 0.12))
    (fp_line (start 6.301 -3.392) (end 6.301 3.392) (layer F.SilkS) (width 0.12))
    (fp_line (start 6.261 -3.436) (end 6.261 3.436) (layer F.SilkS) (width 0.12))
    (fp_line (start 6.221 1.241) (end 6.221 3.478) (layer F.SilkS) (width 0.12))
    (fp_line (start 6.221 -3.478) (end 6.221 -1.241) (layer F.SilkS) (width 0.12))
    (fp_line (start 6.181 1.241) (end 6.181 3.52) (layer F.SilkS) (width 0.12))
    (fp_line (start 6.181 -3.52) (end 6.181 -1.241) (layer F.SilkS) (width 0.12))
    (fp_line (start 6.141 1.241) (end 6.141 3.561) (layer F.SilkS) (width 0.12))
    (fp_line (start 6.141 -3.561) (end 6.141 -1.241) (layer F.SilkS) (width 0.12))
    (fp_line (start 6.101 1.241) (end 6.101 3.601) (layer F.SilkS) (width 0.12))
    (fp_line (start 6.101 -3.601) (end 6.101 -1.241) (layer F.SilkS) (width 0.12))
    (fp_line (start 6.061 1.241) (end 6.061 3.64) (layer F.SilkS) (width 0.12))
    (fp_line (start 6.061 -3.64) (end 6.061 -1.241) (layer F.SilkS) (width 0.12))
    (fp_line (start 6.021 1.241) (end 6.021 3.679) (layer F.SilkS) (width 0.12))
    (fp_line (start 6.021 -3.679) (end 6.021 -1.241) (layer F.SilkS) (width 0.12))
    (fp_line (start 5.981 1.241) (end 5.981 3.716) (layer F.SilkS) (width 0.12))
    (fp_line (start 5.981 -3.716) (end 5.981 -1.241) (layer F.SilkS) (width 0.12))
    (fp_line (start 5.941 1.241) (end 5.941 3.753) (layer F.SilkS) (width 0.12))
    (fp_line (start 5.941 -3.753) (end 5.941 -1.241) (layer F.SilkS) (width 0.12))
    (fp_line (start 5.901 1.241) (end 5.901 3.789) (layer F.SilkS) (width 0.12))
    (fp_line (start 5.901 -3.789) (end 5.901 -1.241) (layer F.SilkS) (width 0.12))
    (fp_line (start 5.861 1.241) (end 5.861 3.824) (layer F.SilkS) (width 0.12))
    (fp_line (start 5.861 -3.824) (end 5.861 -1.241) (layer F.SilkS) (width 0.12))
    (fp_line (start 5.821 1.241) (end 5.821 3.858) (layer F.SilkS) (width 0.12))
    (fp_line (start 5.821 -3.858) (end 5.821 -1.241) (layer F.SilkS) (width 0.12))
    (fp_line (start 5.781 1.241) (end 5.781 3.892) (layer F.SilkS) (width 0.12))
    (fp_line (start 5.781 -3.892) (end 5.781 -1.241) (layer F.SilkS) (width 0.12))
    (fp_line (start 5.741 1.241) (end 5.741 3.925) (layer F.SilkS) (width 0.12))
    (fp_line (start 5.741 -3.925) (end 5.741 -1.241) (layer F.SilkS) (width 0.12))
    (fp_line (start 5.701 1.241) (end 5.701 3.957) (layer F.SilkS) (width 0.12))
    (fp_line (start 5.701 -3.957) (end 5.701 -1.241) (layer F.SilkS) (width 0.12))
    (fp_line (start 5.661 1.241) (end 5.661 3.989) (layer F.SilkS) (width 0.12))
    (fp_line (start 5.661 -3.989) (end 5.661 -1.241) (layer F.SilkS) (width 0.12))
    (fp_line (start 5.621 1.241) (end 5.621 4.02) (layer F.SilkS) (width 0.12))
    (fp_line (start 5.621 -4.02) (end 5.621 -1.241) (layer F.SilkS) (width 0.12))
    (fp_line (start 5.581 1.241) (end 5.581 4.05) (layer F.SilkS) (width 0.12))
    (fp_line (start 5.581 -4.05) (end 5.581 -1.241) (layer F.SilkS) (width 0.12))
    (fp_line (start 5.541 1.241) (end 5.541 4.08) (layer F.SilkS) (width 0.12))
    (fp_line (start 5.541 -4.08) (end 5.541 -1.241) (layer F.SilkS) (width 0.12))
    (fp_line (start 5.501 1.241) (end 5.501 4.11) (layer F.SilkS) (width 0.12))
    (fp_line (start 5.501 -4.11) (end 5.501 -1.241) (layer F.SilkS) (width 0.12))
    (fp_line (start 5.461 1.241) (end 5.461 4.138) (layer F.SilkS) (width 0.12))
    (fp_line (start 5.461 -4.138) (end 5.461 -1.241) (layer F.SilkS) (width 0.12))
    (fp_line (start 5.421 1.241) (end 5.421 4.166) (layer F.SilkS) (width 0.12))
    (fp_line (start 5.421 -4.166) (end 5.421 -1.241) (layer F.SilkS) (width 0.12))
    (fp_line (start 5.381 1.241) (end 5.381 4.194) (layer F.SilkS) (width 0.12))
    (fp_line (start 5.381 -4.194) (end 5.381 -1.241) (layer F.SilkS) (width 0.12))
    (fp_line (start 5.341 1.241) (end 5.341 4.221) (layer F.SilkS) (width 0.12))
    (fp_line (start 5.341 -4.221) (end 5.341 -1.241) (layer F.SilkS) (width 0.12))
    (fp_line (start 5.301 1.241) (end 5.301 4.247) (layer F.SilkS) (width 0.12))
    (fp_line (start 5.301 -4.247) (end 5.301 -1.241) (layer F.SilkS) (width 0.12))
    (fp_line (start 5.261 1.241) (end 5.261 4.273) (layer F.SilkS) (width 0.12))
    (fp_line (start 5.261 -4.273) (end 5.261 -1.241) (layer F.SilkS) (width 0.12))
    (fp_line (start 5.221 1.241) (end 5.221 4.298) (layer F.SilkS) (width 0.12))
    (fp_line (start 5.221 -4.298) (end 5.221 -1.241) (layer F.SilkS) (width 0.12))
    (fp_line (start 5.181 1.241) (end 5.181 4.323) (layer F.SilkS) (width 0.12))
    (fp_line (start 5.181 -4.323) (end 5.181 -1.241) (layer F.SilkS) (width 0.12))
    (fp_line (start 5.141 1.241) (end 5.141 4.347) (layer F.SilkS) (width 0.12))
    (fp_line (start 5.141 -4.347) (end 5.141 -1.241) (layer F.SilkS) (width 0.12))
    (fp_line (start 5.101 1.241) (end 5.101 4.371) (layer F.SilkS) (width 0.12))
    (fp_line (start 5.101 -4.371) (end 5.101 -1.241) (layer F.SilkS) (width 0.12))
    (fp_line (start 5.061 1.241) (end 5.061 4.395) (layer F.SilkS) (width 0.12))
    (fp_line (start 5.061 -4.395) (end 5.061 -1.241) (layer F.SilkS) (width 0.12))
    (fp_line (start 5.021 1.241) (end 5.021 4.417) (layer F.SilkS) (width 0.12))
    (fp_line (start 5.021 -4.417) (end 5.021 -1.241) (layer F.SilkS) (width 0.12))
    (fp_line (start 4.981 1.241) (end 4.981 4.44) (layer F.SilkS) (width 0.12))
    (fp_line (start 4.981 -4.44) (end 4.981 -1.241) (layer F.SilkS) (width 0.12))
    (fp_line (start 4.941 1.241) (end 4.941 4.462) (layer F.SilkS) (width 0.12))
    (fp_line (start 4.941 -4.462) (end 4.941 -1.241) (layer F.SilkS) (width 0.12))
    (fp_line (start 4.901 1.241) (end 4.901 4.483) (layer F.SilkS) (width 0.12))
    (fp_line (start 4.901 -4.483) (end 4.901 -1.241) (layer F.SilkS) (width 0.12))
    (fp_line (start 4.861 1.241) (end 4.861 4.504) (layer F.SilkS) (width 0.12))
    (fp_line (start 4.861 -4.504) (end 4.861 -1.241) (layer F.SilkS) (width 0.12))
    (fp_line (start 4.821 1.241) (end 4.821 4.525) (layer F.SilkS) (width 0.12))
    (fp_line (start 4.821 -4.525) (end 4.821 -1.241) (layer F.SilkS) (width 0.12))
    (fp_line (start 4.781 1.241) (end 4.781 4.545) (layer F.SilkS) (width 0.12))
    (fp_line (start 4.781 -4.545) (end 4.781 -1.241) (layer F.SilkS) (width 0.12))
    (fp_line (start 4.741 1.241) (end 4.741 4.564) (layer F.SilkS) (width 0.12))
    (fp_line (start 4.741 -4.564) (end 4.741 -1.241) (layer F.SilkS) (width 0.12))
    (fp_line (start 4.701 1.241) (end 4.701 4.584) (layer F.SilkS) (width 0.12))
    (fp_line (start 4.701 -4.584) (end 4.701 -1.241) (layer F.SilkS) (width 0.12))
    (fp_line (start 4.661 1.241) (end 4.661 4.603) (layer F.SilkS) (width 0.12))
    (fp_line (start 4.661 -4.603) (end 4.661 -1.241) (layer F.SilkS) (width 0.12))
    (fp_line (start 4.621 1.241) (end 4.621 4.621) (layer F.SilkS) (width 0.12))
    (fp_line (start 4.621 -4.621) (end 4.621 -1.241) (layer F.SilkS) (width 0.12))
    (fp_line (start 4.581 1.241) (end 4.581 4.639) (layer F.SilkS) (width 0.12))
    (fp_line (start 4.581 -4.639) (end 4.581 -1.241) (layer F.SilkS) (width 0.12))
    (fp_line (start 4.541 1.241) (end 4.541 4.657) (layer F.SilkS) (width 0.12))
    (fp_line (start 4.541 -4.657) (end 4.541 -1.241) (layer F.SilkS) (width 0.12))
    (fp_line (start 4.501 1.241) (end 4.501 4.674) (layer F.SilkS) (width 0.12))
    (fp_line (start 4.501 -4.674) (end 4.501 -1.241) (layer F.SilkS) (width 0.12))
    (fp_line (start 4.461 1.241) (end 4.461 4.69) (layer F.SilkS) (width 0.12))
    (fp_line (start 4.461 -4.69) (end 4.461 -1.241) (layer F.SilkS) (width 0.12))
    (fp_line (start 4.421 1.241) (end 4.421 4.707) (layer F.SilkS) (width 0.12))
    (fp_line (start 4.421 -4.707) (end 4.421 -1.241) (layer F.SilkS) (width 0.12))
    (fp_line (start 4.381 1.241) (end 4.381 4.723) (layer F.SilkS) (width 0.12))
    (fp_line (start 4.381 -4.723) (end 4.381 -1.241) (layer F.SilkS) (width 0.12))
    (fp_line (start 4.341 1.241) (end 4.341 4.738) (layer F.SilkS) (width 0.12))
    (fp_line (start 4.341 -4.738) (end 4.341 -1.241) (layer F.SilkS) (width 0.12))
    (fp_line (start 4.301 1.241) (end 4.301 4.754) (layer F.SilkS) (width 0.12))
    (fp_line (start 4.301 -4.754) (end 4.301 -1.241) (layer F.SilkS) (width 0.12))
    (fp_line (start 4.261 1.241) (end 4.261 4.768) (layer F.SilkS) (width 0.12))
    (fp_line (start 4.261 -4.768) (end 4.261 -1.241) (layer F.SilkS) (width 0.12))
    (fp_line (start 4.221 1.241) (end 4.221 4.783) (layer F.SilkS) (width 0.12))
    (fp_line (start 4.221 -4.783) (end 4.221 -1.241) (layer F.SilkS) (width 0.12))
    (fp_line (start 4.181 1.241) (end 4.181 4.797) (layer F.SilkS) (width 0.12))
    (fp_line (start 4.181 -4.797) (end 4.181 -1.241) (layer F.SilkS) (width 0.12))
    (fp_line (start 4.141 1.241) (end 4.141 4.811) (layer F.SilkS) (width 0.12))
    (fp_line (start 4.141 -4.811) (end 4.141 -1.241) (layer F.SilkS) (width 0.12))
    (fp_line (start 4.101 1.241) (end 4.101 4.824) (layer F.SilkS) (width 0.12))
    (fp_line (start 4.101 -4.824) (end 4.101 -1.241) (layer F.SilkS) (width 0.12))
    (fp_line (start 4.061 1.241) (end 4.061 4.837) (layer F.SilkS) (width 0.12))
    (fp_line (start 4.061 -4.837) (end 4.061 -1.241) (layer F.SilkS) (width 0.12))
    (fp_line (start 4.021 1.241) (end 4.021 4.85) (layer F.SilkS) (width 0.12))
    (fp_line (start 4.021 -4.85) (end 4.021 -1.241) (layer F.SilkS) (width 0.12))
    (fp_line (start 3.981 1.241) (end 3.981 4.862) (layer F.SilkS) (width 0.12))
    (fp_line (start 3.981 -4.862) (end 3.981 -1.241) (layer F.SilkS) (width 0.12))
    (fp_line (start 3.941 1.241) (end 3.941 4.874) (layer F.SilkS) (width 0.12))
    (fp_line (start 3.941 -4.874) (end 3.941 -1.241) (layer F.SilkS) (width 0.12))
